  bin      Q2_l      Q2_h      Q2_c     x_l        x_h        x_c             xsec_c        xsec_ave    BCC_area       RC_sf     rxsec_c      area
    1      177.80    223.90    200.00   0.0025100  0.0039800  0.0020000     2105.669434   2033.136353   1.03568        0.000614  1.29267      0.0678
    2      177.80    223.90    200.00   0.0039800  0.0063100  0.0032000     1461.291016   1469.914307   0.99413        0.000856  1.25065      0.1074
    3      177.80    223.90    200.00   0.0063100  0.0100000  0.0050000      986.426086    978.066284   1.00855        0.001123  1.10738      0.1701
    4      177.80    223.90    200.00   0.0100000  0.0158500  0.0080000      602.473816    603.709412   0.99795        0.001566  0.94356      0.2697
    5      177.80    223.90    200.00   0.0158500  0.0251200  0.0130000      341.114288    352.863373   0.96670        0.002321  0.79157      0.4273
    6      177.80    223.90    200.00   0.0251200  0.0398100  0.0200000      199.868805    199.595367   1.00137        0.003387  0.67702      0.6772
    7      177.80    223.90    200.00   0.0398100  0.0631000  0.0320000      109.817886    111.080467   0.98863        0.005224  0.57368      1.0737
    8      177.80    223.90    200.00   0.0631000  0.1000000  0.0500000       61.896957     61.492859   1.00657        0.007984  0.49417      1.7011
    9      177.80    223.90    200.00   0.1000000  0.1710000  0.0800000       33.853374     34.039627   0.99453        0.012587  0.42611      3.2731
   10      177.80    223.90    200.00   0.1710000  0.3162300  0.1300000       17.993856     17.697783   1.01673        0.020261  0.36458      6.6951
   11      177.80    223.90    200.00   0.3162300  1.0000000  0.1800000       11.442186      7.500644   1.52549        0.027936  0.31965     31.5218
   12      223.90    281.80    200.00   0.0015800  0.0025100  0.4000000        2.351494      0.796353   2.95283        0.061708  0.14511      0.0538
   14      223.90    281.80    250.00   0.0039800  0.0063100  0.0032000      850.369202    845.858093   1.00533        0.001457  1.23939      0.1349
   15      223.90    281.80    250.00   0.0063100  0.0100000  0.0050000      589.671631    575.489990   1.02464        0.001907  1.12452      0.2137
   16      223.90    281.80    250.00   0.0100000  0.0158500  0.0080000      371.233093    366.008942   1.01427        0.002594  0.96309      0.3387
   17      223.90    281.80    250.00   0.0158500  0.0251200  0.0130000      214.397385    218.214096   0.98251        0.003763  0.80684      0.5367
   18      223.90    281.80    250.00   0.0251200  0.0398100  0.0200000      126.855759    124.820389   1.01631        0.005424  0.68802      0.8506
   19      223.90    281.80    250.00   0.0398100  0.0631000  0.0320000       70.055046     69.835152   1.00315        0.008289  0.58066      1.3485
   20      223.90    281.80    250.00   0.0631000  0.1000000  0.0500000       39.533367     38.714287   1.02116        0.012598  0.49804      2.1365
   21      223.90    281.80    250.00   0.1000000  0.1710000  0.0800000       21.595778     21.405392   1.00889        0.019788  0.42735      4.1109
   22      223.90    281.80    250.00   0.1710000  0.3162300  0.1300000       11.443496     11.093105   1.03159        0.031778  0.36365      8.4088
   23      223.90    281.80    250.00   0.3162300  1.0000000  0.1800000        7.254972      4.672611   1.55266        0.043770  0.31755     39.5903
   24      281.80    354.80    250.00   0.0015800  0.0025100  0.4000000        1.471613      0.490058   3.00294        0.096537  0.14207      0.0679
   26      281.80    354.80    300.00   0.0039800  0.0063100  0.0032000      549.918335    470.025177   1.16998        0.002198  1.20847      0.1701
   27      281.80    354.80    300.00   0.0063100  0.0100000  0.0050000      382.190002    332.908813   1.14803        0.002958  1.13070      0.2694
   28      281.80    354.80    300.00   0.0100000  0.0158500  0.0080000      247.095215    218.318344   1.13181        0.003953  0.97687      0.4271
   29      281.80    354.80    300.00   0.0158500  0.0251200  0.0130000      145.580750    133.423813   1.09112        0.005623  0.81854      0.6767
   30      281.80    354.80    300.00   0.0251200  0.0398100  0.0200000       87.043510     77.478745   1.12345        0.008003  0.69658      1.0724
   31      281.80    354.80    300.00   0.0398100  0.0631000  0.0320000       48.356102     43.691486   1.10676        0.012120  0.58607      1.7002
   32      281.80    354.80    300.00   0.0631000  0.1000000  0.0500000       27.346697     24.296476   1.12554        0.018320  0.50100      2.6937
   33      281.80    354.80    300.00   0.1000000  0.1710000  0.0800000       14.936141     13.434319   1.11179        0.028671  0.42824      5.1830
   34      281.80    354.80    300.00   0.1710000  0.3162300  0.1300000        7.899431      6.946435   1.13719        0.045934  0.36285     10.6018
   35      281.80    354.80    300.00   0.3162300  1.0000000  0.1800000        4.997264      2.909931   1.71731        0.063201  0.31583     49.9152
   36      354.80    446.70    300.00   0.0015800  0.0025100  0.4000000        1.003468      0.301669   3.32639        0.139185  0.13967      0.0855
   39      354.80    446.70    400.00   0.0063100  0.0100000  0.0050000      190.111206    191.308746   0.99374        0.005876  1.11701      0.3391
   40      354.80    446.70    400.00   0.0100000  0.0158500  0.0080000      126.967552    127.860840   0.99301        0.007811  0.99177      0.5376
   41      354.80    446.70    400.00   0.0158500  0.0251200  0.0130000       77.728607     80.450409   0.96617        0.010745  0.83516      0.8519
   42      354.80    446.70    400.00   0.0251200  0.0398100  0.0200000       47.513107     47.649796   0.99713        0.014932  0.70945      1.3500
   43      354.80    446.70    400.00   0.0398100  0.0631000  0.0320000       26.743473     27.162991   0.98456        0.022215  0.59412      2.1404
   44      354.80    446.70    400.00   0.0631000  0.1000000  0.0500000       15.205614     15.178070   1.00181        0.033216  0.50506      3.3911
   45      354.80    446.70    400.00   0.1000000  0.1710000  0.0800000        8.320494      8.406746   0.98974        0.051602  0.42935      6.5249
   46      354.80    446.70    400.00   0.1710000  0.3162300  0.1300000        4.397370      4.344660   1.01213        0.082281  0.36182     13.3466
   47      354.80    446.70    400.00   0.3162300  1.0000000  0.1800000        2.773928      1.810698   1.53197        0.112973  0.31338     62.8385
   48      446.70    562.30    400.00   0.0015800  0.0025100  0.4000000        0.548259      0.185679   2.95272        0.248049  0.13600      0.1075
   51      446.70    562.30    500.00   0.0063100  0.0100000  0.0050000      112.691071    105.927307   1.06385        0.009592  1.08096      0.4266
   52      446.70    562.30    500.00   0.0100000  0.0158500  0.0080000       74.355591     73.746933   1.00825        0.013373  0.99433      0.6763
   53      446.70    562.30    500.00   0.0158500  0.0251200  0.0130000       46.974171     47.750523   0.98374        0.017998  0.84543      1.0716
   54      446.70    562.30    500.00   0.0251200  0.0398100  0.0200000       29.350199     28.976004   1.01291        0.024471  0.71823      1.6982
   55      446.70    562.30    500.00   0.0398100  0.0631000  0.0320000       16.763475     16.766346   0.99983        0.035784  0.59986      2.6923
   56      446.70    562.30    500.00   0.0631000  0.1000000  0.0500000        9.601185      9.443107   1.01674        0.052927  0.50816      4.2656
   57      446.70    562.30    500.00   0.1000000  0.1450100  0.0800000        5.270688      5.247809   1.00436        0.081624  0.43022      5.2032
   58      446.70    562.30    500.00   0.1450100  0.2089300  0.1300000        2.785922      3.054219   0.91216        0.129541  0.36089      7.3892
   59      446.70    562.30    500.00   0.2089300  0.3162300  0.1800000        1.754818      1.822255   0.96299        0.177489  0.31146     12.4039
   60      446.70    562.30    500.00   0.3162300  0.5011900  0.2500000        1.020639      0.952981   1.07100        0.244632  0.24968     21.3814
   61      446.70    562.30    500.00   0.5011900  1.0000000  0.4000000        0.343350      0.343429   0.99977        0.388532  0.13340     57.6624
   62      562.30    707.90    500.00   0.0015800  0.0025100  0.6500000        0.035706      0.029779   1.19902        0.628384  0.02244      0.1354
   66      562.30    707.90    650.00   0.0100000  0.0158500  0.0080000       39.301689     42.362247   0.92775        0.024945  0.98039      0.8518
   67      562.30    707.90    650.00   0.0158500  0.0251200  0.0130000       25.438494     27.863672   0.91296        0.033518  0.85265      1.3497
   68      562.30    707.90    650.00   0.0251200  0.0398100  0.0200000       16.386513     17.384169   0.94261        0.044350  0.72675      2.1389
   69      562.30    707.90    650.00   0.0398100  0.0631000  0.0320000        9.573621     10.254786   0.93358        0.063276  0.60578      3.3910
   70      562.30    707.90    650.00   0.0631000  0.1000000  0.0500000        5.551255      5.840256   0.95052        0.092108  0.51132      5.3726
   71      562.30    707.90    650.00   0.1000000  0.1450100  0.0800000        3.067097      3.263453   0.93983        0.140508  0.43095      6.5535
   72      562.30    707.90    650.00   0.1450100  0.2089300  0.1300000        1.624364      1.902608   0.85376        0.221423  0.35967      9.3068
   73      562.30    707.90    650.00   0.2089300  0.3162300  0.1800000        1.022286      1.134468   0.90112        0.302426  0.30917     15.6229
   74      562.30    707.90    650.00   0.3162300  0.5011900  0.2500000        0.592961      0.591618   1.00227        0.415877  0.24660     26.9302
   75      562.30    707.90    650.00   0.5011900  1.0000000  0.4000000        0.197936      0.211921   0.93401        0.659048  0.13045     72.6268
   76      707.90    891.30    650.00   0.0015800  0.0025100  0.6500000        0.020262      0.018180   1.11448        1.064384  0.02157      0.1706
   80      707.90    891.30    800.00   0.0100000  0.0158500  0.0080000       24.261129     23.423386   1.03577        0.039290  0.95321      1.0729
   81      707.90    891.30    800.00   0.0158500  0.0251200  0.0130000       15.420973     16.021000   0.96255        0.055275  0.85240      1.7001
   82      707.90    891.30    800.00   0.0251200  0.0398100  0.0200000       10.180900     10.265844   0.99173        0.071847  0.73147      2.6941
   83      707.90    891.30    800.00   0.0398100  0.0631000  0.0320000        6.082858      6.201577   0.98086        0.100233  0.60970      4.2714
   84      707.90    891.30    800.00   0.0631000  0.1000000  0.0500000        3.574252      3.585270   0.99693        0.143657  0.51347      6.7675
   85      707.90    891.30    800.00   0.1000000  0.1450100  0.0800000        1.990024      2.019956   0.98518        0.216789  0.43141      8.2548
   86      707.90    891.30    800.00   0.1450100  0.2089300  0.1300000        1.057481      1.181734   0.89486        0.339236  0.35874     11.7229
   87      707.90    891.30    800.00   0.2089300  0.3162300  0.1800000        0.665648      0.704986   0.94420        0.461884  0.30745     19.6788
   88      707.90    891.30    800.00   0.3162300  0.5011900  0.2500000        0.385537      0.366940   1.05068        0.633699  0.24431     33.9217
   89      707.90    891.30    800.00   0.5011900  1.0000000  0.4000000        0.128019      0.130759   0.97904        1.002014  0.12828     91.4817
   90      891.30   1122.00    800.00   0.0015800  0.0025100  0.6500000        0.012957      0.011111   1.16618        1.615988  0.02094      0.2146
   95      891.30   1122.00   1000.00   0.0158500  0.0251200  0.0130000        8.946777      9.188798   0.97366        0.094235  0.84310      2.1386
   96      891.30   1122.00   1000.00   0.0251200  0.0398100  0.0200000        6.008224      5.961819   1.00778        0.122050  0.73330      3.3890
   97      891.30   1122.00   1000.00   0.0398100  0.0631000  0.0320000        3.690139      3.699913   0.99736        0.166036  0.61270      5.3730
   98      891.30   1122.00   1000.00   0.0631000  0.1000000  0.0500000        2.208204      2.180834   1.01255        0.233308  0.51519      8.5128
   99      891.30   1122.00   1000.00   0.1000000  0.1450100  0.0800000        1.243495      1.242939   1.00045        0.347115  0.43164     10.3838
  100      891.30   1122.00   1000.00   0.1450100  0.2089300  0.1300000        0.664612      0.731225   0.90890        0.538126  0.35765     14.7463
  101      891.30   1122.00   1000.00   0.2089300  0.3162300  0.1800000        0.418873      0.437031   0.95845        0.729621  0.30562     24.7541
  102      891.30   1122.00   1000.00   0.3162300  0.5011900  0.2500000        0.242427      0.227270   1.06669        0.997979  0.24194     42.6703
  103      891.30   1122.00   1000.00   0.5011900  1.0000000  0.4000000        0.080112      0.080633   0.99354        1.573371  0.12605    115.0755
  104     1122.00   1412.50   1000.00   0.0015800  0.0025100  0.6500000        0.008014      0.006788   1.18056        2.532642  0.02030      0.2702
  109     1122.00   1412.50   1200.00   0.0158500  0.0251200  0.0130000        5.804499      5.064274   1.14617        0.142503  0.82716      2.6929
  110     1122.00   1412.50   1200.00   0.0251200  0.0398100  0.0200000        3.861403      3.415408   1.13058        0.189343  0.73113      4.2674
  111     1122.00   1412.50   1200.00   0.0398100  0.0631000  0.0320000        2.425955      2.173197   1.11631        0.253017  0.61381      6.7657
  112     1122.00   1412.50   1200.00   0.0631000  0.1000000  0.0500000        1.478278      1.311838   1.12688        0.349057  0.51600     10.7194
  113     1122.00   1412.50   1200.00   0.1000000  0.1450100  0.0800000        0.842613      0.759387   1.10960        0.512168  0.43156     13.0754
  114     1122.00   1412.50   1200.00   0.1450100  0.2089300  0.1300000        0.453419      0.450462   1.00656        0.786683  0.35670     18.5688
  115     1122.00   1412.50   1200.00   0.2089300  0.3162300  0.1800000        0.286345      0.270191   1.05978        1.062189  0.30415     31.1707
  116     1122.00   1412.50   1200.00   0.3162300  0.5011900  0.2500000        0.165753      0.140575   1.17911        1.448443  0.24008     53.7309
  117     1122.00   1412.50   1200.00   0.5011900  1.0000000  0.4000000        0.054606      0.049714   1.09841        2.276830  0.12433    144.9043
  118     1412.50   1778.30   1200.00   0.0015800  0.0025100  0.6500000        0.005414      0.004151   1.30417        3.658067  0.01980      0.3402
  124     1412.50   1778.30   1500.00   0.0251200  0.0398100  0.0200000        2.233516      1.953427   1.14338        0.323282  0.72206      5.3736
  125     1412.50   1778.30   1500.00   0.0398100  0.0631000  0.0320000        1.429914      1.254306   1.14000        0.428416  0.61260      8.5195
  126     1412.50   1778.30   1500.00   0.0631000  0.1000000  0.0500000        0.893987      0.777778   1.14941        0.577014  0.51584     13.4980
  127     1412.50   1778.30   1500.00   0.1000000  0.1450100  0.0800000        0.519342      0.459450   1.13036        0.829860  0.43098     16.4647
  128     1412.50   1778.30   1500.00   0.1450100  0.2089300  0.1300000        0.282697      0.275746   1.02521        1.257274  0.35543     23.3819
  129     1412.50   1778.30   1500.00   0.2089300  0.3162300  0.1800000        0.179252      0.166362   1.07749        1.687048  0.30241     39.2503
  130     1412.50   1778.30   1500.00   0.3162300  0.5011900  0.2500000        0.103912      0.086748   1.19787        2.290049  0.23796     67.6584
  131     1412.50   1778.30   1500.00   0.5011900  1.0000000  0.4000000        0.034151      0.030623   1.11521        3.583899  0.12239    182.4647
  132     1778.30   2238.70   1500.00   0.0015800  0.0025100  0.6500000        0.003355      0.002540   1.32088        5.741757  0.01926      0.4282
  138     1778.30   2238.70   2000.00   0.0251200  0.0398100  0.0219000        1.025000      1.070516   0.95748        0.665612  0.68225      6.7633
  139     1778.30   2238.70   2000.00   0.0398100  0.0631000  0.0320000        0.705935      0.713360   0.98959        0.855850  0.60417     10.7227
  140     1778.30   2238.70   2000.00   0.0631000  0.1000000  0.0500000        0.456195      0.453140   1.00674        1.122617  0.51213     16.9888
  141     1778.30   2238.70   2000.00   0.1000000  0.1450100  0.0800000        0.273581      0.274492   0.99668        1.566145  0.42847     20.7226
  142     1778.30   2238.70   2000.00   0.1450100  0.2089300  0.1300000        0.152131      0.167382   0.90888        2.320529  0.35302     29.4288
  143     1778.30   2238.70   2000.00   0.2089300  0.3162300  0.1800000        0.097286      0.101867   0.95502        3.081924  0.29983     49.4009
  144     1778.30   2238.70   2000.00   0.3162300  0.5011900  0.2500000        0.056647      0.053356   1.06167        4.151949  0.23519     85.1556
  145     1778.30   2238.70   2000.00   0.5011900  1.0000000  0.4000000        0.018608      0.018835   0.98796        6.450196  0.12003    229.6521
  146     2238.70   3548.10   2000.00   0.0015800  0.0025100  0.6500000        0.001809      0.001553   1.16438       10.285141  0.01860      1.2177
  153     2238.70   3548.10   3000.00   0.0398100  0.0631000  0.0320000        0.262599      0.325585   0.80655        2.197553  0.57708     30.4959
  154     2238.70   3548.10   3000.00   0.0631000  0.1000000  0.0500000        0.167502      0.195592   0.85639        2.958486  0.49555     48.3169
  155     2238.70   3548.10   3000.00   0.1000000  0.1450100  0.0800000        0.105961      0.123217   0.85995        3.953396  0.41890     58.9361
  156     2238.70   3548.10   3000.00   0.1450100  0.2089300  0.1300000        0.061722      0.077598   0.79541        5.622589  0.34704     83.6969
  157     2238.70   3548.10   3000.00   0.2089300  0.3162300  0.1800000        0.040307      0.048173   0.83672        7.319824  0.29504    140.4986
  158     2238.70   3548.10   3000.00   0.3162300  0.5011900  0.2500000        0.023785      0.025546   0.93109        9.715054  0.23108    242.1867
  159     2238.70   3548.10   3000.00   0.5011900  1.0000000  0.4000000        0.007865      0.009060   0.86819       14.873847  0.11699    653.1419
  160     3548.10   6000.70   3000.00   0.0015800  0.0025100  0.6500000        0.000757      0.000744   1.01805       23.494493  0.01778      2.2809
  168     3548.10   6000.70   5000.00   0.0631000  0.1000000  0.0547000        0.042088      0.062998   0.66809       10.392387  0.43739     90.5009
  169     3548.10   6000.70   5000.00   0.1000000  0.1450100  0.0800000        0.028770      0.036040   0.79827       13.372655  0.38473    110.3915
  170     3548.10   6000.70   5000.00   0.1450100  0.2089300  0.1300000        0.018229      0.024108   0.75614       17.997803  0.32808    156.7702
  171     3548.10   6000.70   5000.00   0.2089300  0.3162300  0.1800000        0.012502      0.015718   0.79538       22.607544  0.28263    263.1640
  172     3548.10   6000.70   5000.00   0.3162300  0.5011900  0.2500000        0.007641      0.008633   0.88508       29.163507  0.22284    453.6329
  173     3548.10   6000.70   5000.00   0.5011900  1.0000000  0.4000000        0.002604      0.003129   0.83222       43.389347  0.11298   1223.3815
  174     6000.70  10000.00   5000.00   0.0015800  0.0025100  0.6500000        0.000251      0.000258   0.97508       67.265747  0.01692      3.7193
  183     6000.70  10000.00   8000.00   0.1000000  0.1450100  0.0875000        0.007537      0.010490   0.71854       42.559227  0.32077    180.0085
  184     6000.70  10000.00   8000.00   0.1450100  0.2089300  0.1300000        0.005137      0.006107   0.84108       55.275246  0.28392    255.6353
  185     6000.70  10000.00   8000.00   0.2089300  0.3162300  0.1800000        0.003789      0.004283   0.88464       67.174706  0.25452    429.1248
  186     6000.70  10000.00   8000.00   0.3162300  0.5011900  0.2500000        0.002479      0.002539   0.97636       83.592682  0.20725    739.7105
  187     6000.70  10000.00   8000.00   0.5011900  1.0000000  0.4000000        0.000902      0.000974   0.92578      119.453735  0.10770   1994.8907
  188    10000.00  16680.20   8000.00   0.0015800  0.0025100  0.6500000        0.000090      0.000082   1.08720      180.161133  0.01616      6.2126
  198    10000.00  16680.20  12000.00   0.1450100  0.2089300  0.1300000        0.001605      0.001921   0.83585      142.502670  0.22877    426.9984
  199    10000.00  16680.20  12000.00   0.2089300  0.3162300  0.1800000        0.001157      0.001000   1.15751      177.940643  0.20587    716.7853
  200    10000.00  16680.20  12000.00   0.3162300  0.5011900  0.2500000        0.000826      0.000639   1.29137      216.186768  0.17851   1235.5697
  201    10000.00  16680.20  12000.00   0.5011900  1.0000000  0.4000000        0.000335      0.000276   1.21411      295.431335  0.09892   3332.1501
  202    16680.20  27777.90  12000.00   0.0015800  0.0025100  0.6500000        0.000035      0.000025   1.40445      430.328064  0.01517     10.3209
  214    16680.20  27777.90  20000.00   0.3162300  0.5011900  0.2500000        0.000158      0.000135   1.17006      734.442078  0.11616   2052.6309
  215    16680.20  27777.90  20000.00   0.5011900  1.0000000  0.4000000        0.000079      0.000062   1.26871      976.400818  0.07713   5535.6440
  216    27777.90  46334.00  20000.00   0.0015800  0.0025100  0.6500000        0.000010      0.000007   1.48167     1343.071533  0.01322     17.2572
  229    27777.90  46334.00  30000.00   0.5011900  1.0000000  0.4000000        0.000019      0.000011   1.66707     2586.256104  0.04937   9255.9678
  230    46334.00  77285.90  30000.00   0.0015800  0.0025100  0.6500000        0.000003      0.000001   2.30487     3460.235840  0.01054     28.7853
